# My primary account
MY_ACCOUNT_ID=0.0.3515249
#MY_PUBLIC_KEY=c7649eced65ca3ed13a4d9235197af1b3044ddf5fce66061bd5c11d2a1458850
MY_PRIVATE_KEY=657f52718938c2c3e1effe5e7644a8eb623a13f8304a452c4812c63211d73e43

#Generated accounts
Account1_ID=0.0.3566176
Account1_PRIVATE_KEY=302e020100300506032b657004220420617276d0b11a47fc5c5c39e3ff577845348c39b9325c0aba162ad1c114a7419b
Account2_ID=0.0.3566178
Account2_PRIVATE_KEY=302e020100300506032b65700422042073db8a68adb6465b402ce1860f6cfcaf1e1722fc6e649794e98f469469994eb6
Account3_ID=0.0.3566180
Account3_PRIVATE_KEY=302e020100300506032b657004220420e826276db7c15f21e020014bd4648bcfb6d69f22c4eb87376222447c967b4b2d
Account4_ID=0.0.3566182
Account4_PRIVATE_KEY=302e020100300506032b657004220420bff2d772c52dc92d56aedbcba729752366fa9e2436272d41792f6d89745e93fa
Account5_ID=0.0.3566188
Account5_PRIVATE_KEY=302e020100300506032b6570042204203c742234506573afce39e5b6a10f9a56088d17f86079f0e44afff02f1a5a8b9b
